20
46.9     46.9     46.9
 29.0     0.0     75.9
-75.9    -29.0     00.0
 75.9     29.0     00.0
-46.9     46.9    -46.9
 0.0    -75.9    -29.0
-75.9     29.0     00.0
 46.9    -46.9     46.9
-46.9     46.9     46.9
-46.9    -46.9     46.9
 46.9    -46.9    -46.9
 29.0     0.0    -75.9
-46.9    -46.9    -46.9
 0.0    -75.9     29.0
 0.0     75.9    -29.0
-29.0     0.0     75.9
 75.9    -29.0     00.0
-29.0    0.0    -75.9
 46.9    46.9    -46.9
 0.0     75.9     29.0

30
9 13
13 7
7 1 
1 15
15 9
6 4
4 14
14 19
19 8
8 6
12 5
5 13
9 2
2 12
6 2
12 17 
17 4 
16 10
10 11
11 18
18 3
3 16
8 15
1 0 
0 19 
16 7 
0 3
17 11 
10 5
18 14 