v 0 10 0
v 0 -10 0
v 5 8.66026 0
v 4.04508 8.66026 2.93892
v 1.54509 8.66026 4.75528
v -1.54508 8.66026 4.75528
v -4.04508 8.66026 2.93893
v -5 8.66026 1.14838e-005
v -4.04509 8.66026 -2.93891
v -1.5451 8.66026 -4.75527
v 1.54507 8.66026 -4.75529
v 4.04507 8.66026 -2.93894
v 8.66025 5.00001 0
v 7.00629 5.00001 5.09036
v 2.67617 5.00001 8.23638
v -2.67615 5.00001 8.23639
v -7.00628 5.00001 5.09038
v -8.66025 5.00001 1.98905e-005
v -7.0063 5.00001 -5.09035
v -2.67619 5.00001 -8.23638
v 2.67613 5.00001 -8.2364
v 7.00627 5.00001 -5.0904
v 10 1.20799e-005 0
v 8.09017 1.20799e-005 5.87785
v 3.09018 1.20799e-005 9.51056
v -3.09016 1.20799e-005 9.51057
v -8.09016 1.20799e-005 5.87787
v -10 1.20799e-005 2.29676e-005
v -8.09019 1.20799e-005 -5.87783
v -3.0902 1.20799e-005 -9.51056
v 3.09014 1.20799e-005 -9.51058
v 8.09015 1.20799e-005 -5.87789
v 8.66026 -4.99999 0
v 7.0063 -4.99999 5.09037
v 2.67618 -4.99999 8.2364
v -2.67616 -4.99999 8.2364
v -7.00629 -4.99999 5.09039
v -8.66026 -4.99999 1.98906e-005
v -7.00631 -4.99999 -5.09035
v -2.67619 -4.99999 -8.23639
v 2.67614 -4.99999 -8.23641
v 7.00628 -4.99999 -5.0904
v 5.00002 -8.66024 0
v 4.0451 -8.66024 2.93893
v 1.54509 -8.66024 4.7553
v -1.54508 -8.66024 4.7553
v -4.04509 -8.66024 2.93894
v -5.00002 -8.66024 1.14839e-005
v -4.04511 -8.66024 -2.93893
v -1.54511 -8.66024 -4.75529
v 1.54507 -8.66024 -4.7553
v 4.04509 -8.66024 -2.93895
f 3 4 14 13
f 4 5 15 14
f 5 6 16 15
f 6 7 17 16
f 7 8 18 17
f 8 9 19 18
f 9 10 20 19
f 10 11 21 20
f 11 12 22 21
f 12 3 13 22
f 13 14 24 23
f 14 15 25 24
f 15 16 26 25
f 16 17 27 26
f 17 18 28 27
f 18 19 29 28
f 19 20 30 29
f 20 21 31 30
f 21 22 32 31
f 22 13 23 32
f 23 24 34 33
f 24 25 35 34
f 25 26 36 35
f 26 27 37 36
f 27 28 38 37
f 28 29 39 38
f 29 30 40 39
f 30 31 41 40
f 31 32 42 41
f 32 23 33 42
f 33 34 44 43
f 34 35 45 44
f 35 36 46 45
f 36 37 47 46
f 37 38 48 47
f 38 39 49 48
f 39 40 50 49
f 40 41 51 50
f 41 42 52 51
f 42 33 43 52
f 1 4 3
f 2 43 44
f 1 5 4
f 2 44 45
f 1 6 5
f 2 45 46
f 1 7 6
f 2 46 47
f 1 8 7
f 2 47 48
f 1 9 8
f 2 48 49
f 1 10 9
f 2 49 50
f 1 11 10
f 2 50 51
f 1 12 11
f 2 51 52
f 1 3 12
f 2 52 43
