v 0 1000 0
v 0 -1000 0
v 500 866.026 0
v 404.508 866.026 293.892
v 154.509 866.026 475.528
v -154.508 866.026 475.528
v -404.508 866.026 293.893
v -500 866.026 0.00114838
v -404.509 866.026 -293.891
v -154.51 866.026 -475.527
v 154.507 866.026 -475.529
v 404.507 866.026 -293.894
v 866.025 500.001 0
v 700.629 500.001 509.036
v 267.617 500.001 823.638
v -267.615 500.001 823.639
v -700.628 500.001 509.038
v -866.025 500.001 0.00198905
v -700.63 500.001 -509.035
v -267.619 500.001 -823.638
v 267.613 500.001 -823.64
v 700.627 500.001 -509.04
v 1000 0.00120799 0
v 809.017 0.00120799 587.785
v 309.018 0.00120799 951.056
v -309.016 0.00120799 951.057
v -809.016 0.00120799 587.787
v -1000 0.00120799 0.00229676
v -809.019 0.00120799 -587.783
v -309.02 0.00120799 -951.056
v 309.013 0.00120799 -951.058
v 809.015 0.00120799 -587.789
v 866.026 -499.999 0
v 700.63 -499.999 509.037
v 267.618 -499.999 823.64
v -267.616 -499.999 823.64
v -700.629 -499.999 509.039
v -866.026 -499.999 0.00198906
v -700.631 -499.999 -509.035
v -267.619 -499.999 -823.639
v 267.614 -499.999 -823.641
v 700.628 -499.999 -509.04
v 500.002 -866.024 0
v 404.51 -866.024 293.893
v 154.509 -866.024 475.53
v -154.508 -866.024 475.53
v -404.509 -866.024 293.894
v -500.002 -866.024 0.00114839
v -404.511 -866.024 -293.893
v -154.511 -866.024 -475.529
v 154.507 -866.024 -475.53
v 404.509 -866.024 -293.895
f 3 4 14 
f 4 5 15 
f 5 6 16 
f 6 7 17 
f 7 8 18 
f 8 9 19 
f 9 10 20 
f 10 11 21 
f 11 12 22 
f 12 3 13 
f 13 14 24 
f 14 15 25 
f 15 16 26 
f 16 17 27 
f 17 18 28 
f 18 19 29 
f 19 20 30 
f 20 21 31 
f 21 22 32 
f 22 13 23 
f 23 24 34 
f 24 25 35 
f 25 26 36 
f 26 27 37 
f 27 28 38 
f 28 29 39 
f 29 30 40 
f 30 31 41 
f 31 32 42 
f 32 23 33 
f 33 34 44 
f 34 35 45 
f 35 36 46 
f 36 37 47 
f 37 38 48 
f 38 39 49 
f 39 40 50 
f 40 41 51 
f 41 42 52 
f 42 33 43 
f 1 4 3
f 2 43 44
f 1 5 4
f 2 44 45
f 1 6 5
f 2 45 46
f 1 7 6
f 2 46 47
f 1 8 7
f 2 47 48
f 1 9 8
f 2 48 49
f 1 10 9
f 2 49 50
f 1 11 10
f 2 50 51
f 1 12 11
f 2 51 52
f 1 3 12
f 2 52 43
